%YAML:1.0
---
retval: 4.5109060391811440e-01
R: !!opencv-matrix
   rows: 3
   cols: 3
   dt: d
   data: [ 9.9991319247336397e-01, -1.6489734989104383e-03,
       1.3072429159310039e-02, 2.0272218599881558e-03,
       9.9957809314701174e-01, -2.8974576306035407e-02,
       -1.3019135503391710e-02, 2.8998561808885853e-02,
       9.9949466508018969e-01 ]
T: !!opencv-matrix
   rows: 3
   cols: 1
   dt: d
   data: [ 4.9699142480317828e+00, -2.1580997359164000e-05,
       -2.9895537938955191e-02 ]
E: !!opencv-matrix
   rows: 3
   cols: 3
   dt: d
   data: [ 6.0885853954872517e-05, 2.9882298988739158e-02,
       -8.8778063694982775e-04, 3.4811044254113639e-02,
       -1.4407106855661511e-01, -4.9677935841156753e+00,
       1.0096697929842788e-02, 4.9678173715652809e+00,
       -1.4400087749799032e-01 ]
F: !!opencv-matrix
   rows: 3
   cols: 3
   dt: d
   data: [ 9.4903595704167545e-10, 4.6373671184534172e-07,
       -1.0934409569527920e-04, 5.3939257624288505e-07,
       -2.2225722962152942e-06, -6.7155670709549850e-02,
       2.2512646307115400e-06, 6.7925845723146458e-02, 1. ]
