%YAML:1.0
---
intrinsic: !!opencv-matrix
   rows: 3
   cols: 3
   dt: d
   data: [ 8.7574754325212166e+02, 0., 3.1659451598079846e+02, 0.,
       8.8096221119257461e+02, 2.5078614099127603e+02, 0., 0., 1. ]
distortion: !!opencv-matrix
   rows: 1
   cols: 5
   dt: d
   data: [ 6.1257151740229207e-02, 7.2487406935635534e-01,
       6.0967734154465875e-03, 7.8273528270668110e-04,
       -4.8971898429806648e+00 ]
