%YAML:1.0
---
intrinsic: !!opencv-matrix
   rows: 3
   cols: 3
   dt: d
   data: [ 8.7628012156188504e+02, 0., 3.1194055986862872e+02, 0.,
       8.8013998988929711e+02, 2.0900248989803413e+02, 0., 0., 1. ]
distortion: !!opencv-matrix
   rows: 1
   cols: 5
   dt: d
   data: [ 5.9636433161231218e-02, 7.0304558830615316e-01,
       3.2925284668467135e-03, -1.3085738170798863e-04,
       -4.4414587544191599e+00 ]
